ascend: [-2.57885527611, -2.57885527611, 0.0, 0.0]
flat: [-3.43834733963, -3.43834733963, 0.0, 0.0]
up4: [-1.575, -1.575, 1.575, 1.575]
